20,0
115,125,1
0,0
0,80,140,80
0,0
140,80,140,140
0,0
140,140,100,140
0,0
100,140,100,120
0,0
200,11,200,140
0,0
260,200,260,130
4,1
0,81,0,189,1,2
4,2
0,189,0,81,1,1
1,3
0,192,189,192,1,4
1,4
189,192,0,192,1,3
4,5
201,11,201,130,0,2
4,6
201,130,201,11,0,1
2,7
201,11,309,11,0,4
2,8
309,11,201,11,0,3
3,9
312,11,312,119,0,2
3,10
312,119,312,11,0,1
1,11
261,192,309,192,0,4
1,12
309,192,261,192,0,3
10,0
1
6
240,30
240,150
40,150
40,170
240,170
240,30
0
2
5,0
180,70,1
5,0
280,70,2
7,0
200,141,200,200,1,1
7,0
261,130,320,130,2,1
7,0
100,79,100,11,3,1
13,0
1
196,137
2
1
2
8
5
6
7
8
9
10
11
12
1
1
13,0
2
98,81
1
3
0
0
0
0
12,0
25,50
0,0
0,0,0,0

