20,0
300,190,3
0,0
320,170,260,170
0,0
230,170,180,170
0,0
180,170,180,200
0,0
180,185,210,185
0,0
260,170,260,120
0,0
260,120,200,120
0,0
320,60,240,60
0,0
0,100,40,100
0,0
0,140,40,140
2,1
0,11,229,11,1,4
2,2
240,11,309,11,1,4
1,3
309,52,240,52,1,3
2,4
200,121,249,121,1,4
3,5
252,121,252,160,1,2
1,6
0,192,169,192,1,4
10,0
1
9
60,50
90,50
90,150
120,150
120,50
140,50
140,150
60,150
60,50
1
4
13,0
1
207,181
1
1
0
0
0
0
13,0
2
38,96
1
2
0
0
0
0
7,0
210,186,210,200,1,1
7,0
40,101,40,139,2,1
5,0
280,35,1
5,0
190,190,2
12,0
0,120
0,0
0,0,0,0

