20,0
110,15,4
0,0
100,11,100,30
0,0
100,30,130,30
0,0
150,11,150,30
0,0
200,200,200,170
0,0
200,170,220,170
0,0
220,170,220,140
0,0
220,140,240,140
0,0
240,140,240,110
0,0
240,110,260,110
0,0
260,110,260,80
0,0
260,80,280,80
0,0
320,60,300,60
2,1
151,11,309,11,1,4
4,2
0,11,0,189,1,2
4,3
0,189,0,11,1,1
1,4
0,192,189,192,1,4
3,5
312,11,312,49,1,2
10,0
1
3
20,60
220,60
20,60
1
4
10,0
2
5
50,90
200,90
200,150
50,150
50,90
1
4
7,0
221,150,320,150,1,1
7,0
241,120,320,120,2,1
7,0
261,90,320,90,3,1
13,0
1
216,149
1
1
0
0
0
0
13,0
2
236,119
1
2
0
0
0
0
13,0
3
256,89
1
3
0
0
0
0
5,0
180,40,1
5,0
120,120,2
5,0
20,150,3
12,0
310,190
0,0
0,0,0,0

