20,0
125,90,1
0,0
120,100,120,60
0,0
120,100,140,100
0,0
140,100,140,80
0,0
140,80,160,80
0,0
160,80,160,100
0,0
120,60,180,60
0,0
180,60,180,100
0,0
60,140,60,160
0,0
60,160,30,160
0,0
30,160,30,180
0,0
30,180,80,180
0,0
80,180,80,140
3,1
112,60,112,90,1,2
1,2
120,52,170,52,1,4
4,3
181,60,181,90,1,2
4,4
81,140,81,170,1,2
10,0
1
5
20,20
300,20
300,190
20,190
20,20
1
4
7,0
50,161,50,179,1,1
13,0
1
48,156
1
1
0
0
0
0
5,0
250,80,1
12,0
32,174
0,0
0,0,0,0

