20,0
10,105,4
0,0
0,100,40,100
0,0
40,100,40,50
0,0
40,50,100,50
0,0
100,50,100,100
0,0
100,100,120,100
0,0
0,115,60,115
0,0
60,115,60,70
0,0
60,70,80,70
0,0
80,70,80,115
0,0
80,115,120,115
0,0
320,170,200,170
0,0
40,170,100,170
0,0
270,50,270,110
4,1
0,11,0,89,1,2
2,2
0,11,309,11,1,4
3,3
312,11,312,159,1,2
3,4
312,159,312,11,1,1
4,5
271,100,271,50,1,1
3,6
262,50,262,100,1,2
2,7
40,171,90,171,1,4
1,8
40,192,190,192,1,4
10,0
1
9
20,190
20,130
180,130
180,30
240,30
180,30
180,130
20,130
20,190
1
1
10,0
2
7
160,190
160,140
240,140
240,30
240,140
160,140
160,190
1
1
7,0
210,171,210,200,1,1
7,0
230,171,230,200,2,1
7,0
250,171,250,200,3,1
7,0
270,171,270,200,4,1
7,0
290,171,290,200,5,1
5,0
60,182,1
5,0
150,120,2
5,0
295,80,3
5,0
30,90,4
5,0
210,80,5
13,0
1
208,166
1
1
0
0
0
0
13,0
2
228,166
1
2
0
0
0
0
13,0
3
248,166
1
3
0
0
0
0
13,0
4
268,166
1
4
0
0
0
0
13,0
5
288,166
1
5
0
0
0
0
12,0
310,190
0,0
0,0,0,0

