20,0
1,190,1
0,0
20,200,20,180
0,0
320,170,230,170
10,0
1
5
120,50
120,160
160,160
160,50
120,50
1
2
10,0
2
3
200,20
200,160
200,20
1
2
10,0
3
3
220,160
220,20
220,160
1
1
7,0
20,179,20,40,1,1
7,0
20,40,40,40,2,1
7,0
40,40,40,180,3,1
7,0
40,180,100,180,4,1
7,0
100,180,100,40,5,1
7,0
100,40,110,40,6,1
7,0
0,20,60,20,7,1
7,0
60,20,60,160,8,1
7,0
60,160,80,160,9,1
7,0
80,160,80,20,10,1
7,0
80,20,110,20,11,1
7,0
230,171,230,200,12,1
7,0
250,171,250,200,13,1
7,0
270,171,270,200,14,1
7,0
290,171,290,200,15,1
7,0
310,171,310,200,16,1
5,0
1,170,1
5,0
42,170,2
5,0
180,100,3
5,0
62,100,4
5,0
28,100,5
13,0
1
230,166
1
12
0
0
0
0
13,0
2
248,166
1
13
0
0
0
0
13,0
3
268,166
1
14
0
0
0
0
13,0
4
288,166
1
15
0
0
0
0
13,0
5
308,166
1
16
0
0
0
0
12,0
312,190
0,0
0,0,0,0

