20,0
113,90,4
0,0
140,20,140,80
0,0
140,80,110,80
0,0
110,80,110,110
0,0
110,110,140,110
0,0
140,110,140,180
0,0
200,80,200,110
0,0
240,200,240,180
0,0
280,11,280,30
0,0
280,30,300,30
4,1
0,11,0,189,1,2
4,2
0,189,0,11,1,1
2,3
0,11,269,11,1,4
2,4
269,11,0,11,1,3
3,5
132,20,132,69,1,2
3,6
132,111,132,170,1,2
4,7
141,20,141,70,1,2
4,8
141,110,141,170,1,2
3,9
312,31,312,189,1,2
1,10
241,192,309,192,1,4
10,0
1
5
50,190
220,190
220,30
220,190
50,190
1
4
7,0
301,30,320,30,1,1
6,0
1
90,90
1
1
0
0
0
0
5,0
280,170,1
12,0
281,11
0,0
0,0,0,0

