20,0
310,190,3
0,0
320,180,280,180
0,0
260,200,260,180
0,0
0,180,20,180
0,0
40,180,40,200
2,1
0,11,309,11,1,4
2,2
309,11,0,11,1,3
2,3
155,11,309,11,1,4
1,4
41,192,249,192,1,4
1,5
130,192,249,192,1,4
1,6
249,192,41,192,1,3
4,7
0,11,0,169,1,2
4,8
0,169,0,11,1,1
4,9
0,100,0,169,1,2
3,10
312,11,312,169,1,2
3,11
312,169,312,11,1,1
3,12
312,100,312,169,1,2
10,0
1
3
40,40
240,40
40,40
1
4
10,0
2
3
40,160
240,160
40,160
1
4
10,0
3
3
40,40
40,160
40,40
1
2
10,0
4
3
240,40
240,160
240,40
1
2
5,0
140,100,1
13,0
1
17,176
1
1
0
0
0
0
7,0
20,181,20,200,1,1
12,0
0,190
0,0
0,0,0,0

