20,0
195,70,4
0,0
250,11,250,40
0,0
250,40,210,40
0,0
210,40,210,60
0,0
210,60,190,60
0,0
190,60,190,80
0,0
190,80,230,80
0,0
230,80,230,60
0,0
230,60,250,60
0,0
250,60,250,160
0,0
80,11,80,20
0,0
170,11,170,20
0,0
80,100,170,100
0,0
30,130,79,130
0,0
30,160,79,160
0,0
171,130,210,130
0,0
171,160,210,160
2,1
0,11,69,11,1,4
4,2
0,11,0,189,1,2
4,3
0,189,0,11,1,1
2,4
81,11,159,11,1,4
2,5
251,11,309,11,1,4
4,6
251,60,251,150,1,2
4,7
251,150,251,60,1,1
3,8
312,11,312,189,1,2
3,9
312,189,312,11,1,1
1,10
0,192,309,192,1,4
1,11
309,192,0,192,1,3
7,0
80,130,170,130,1,1
7,0
80,160,170,160,2,1
7,0
80,130,80,160,3,1
7,0
170,130,170,160,4,1
6,0
1
120,90
4
1
2
3
4
0
0
0
0
5,0
30,50,1
12,0
120,145
0,0
0,0,0,0

