20,0
50,60,1
0,0
30,40,50,40
0,0
30,40,30,80
0,0
30,80,80,80
0,0
80,80,80,40
0,0
80,40,70,40
0,0
0,100,20,100
0,0
20,100,20,140
0,0
40,100,40,140
0,0
40,100,100,100
0,0
100,100,100,20
0,0
110,11,110,40
0,0
40,180,40,200
0,0
250,200,250,160
4,1
0,11,0,89,1,2
1,2
40,92,89,92,1,4
2,3
111,11,309,11,1,4
3,4
312,155,312,11,1,1
1,5
41,192,239,192,1,4
10,0
1
7
120,100
220,100
220,50
280,50
280,140
120,140
120,100
1
4
13,0
1
316,166
1
1
0
0
0
0
5,0
200,30,1
7,0
251,170,320,170,1,1
12,0
312,192
0,0
0,0,0,0

