20,0
185,145,1
0,0
80,25,80,170
0,0
50,75,50,125
0,0
0,170,20,170
0,0
180,90,270,90
0,0
270,90,270,120
0,0
270,120,160,120
0,0
160,120,160,140
0,0
180,140,180,155
0,0
180,155,290,155
0,0
200,155,200,120
4,1
0,11,0,159,1,2
3,2
72,25,72,160,1,2
4,3
81,160,81,25,1,1
2,4
0,11,309,11,1,4
3,5
312,189,312,11,1,1
1,6
201,147,280,147,1,4
1,7
0,192,309,192,1,4
10,0
1
5
110,180
110,50
300,50
110,50
110,180
1
1
7,0
195,91,195,119,1,1
7,0
215,91,215,119,2,1
7,0
235,91,235,119,3,1
5,0
55,120,1
5,0
202,122,2
5,0
280,80,3
13,0
1
194,86
1
1
0
0
0
0
13,0
2
214,86
1
2
0
0
0
0
13,0
3
234,86
1
3
0
0
0
0
12,0
264,114
0,0
0,0,0,0

