20,0
130,40,2
0,0
0,70,120,70
0,0
120,70,120,31
0,0
120,31,150,31
0,0
150,31,150,90
0,0
150,90,20,90
0,0
0,110,20,110
0,0
0,160,280,160
0,0
280,160,280,140
0,0
280,140,290,140
0,0
290,140,290,31
0,0
110,160,110,150
1,1
111,152,269,152,0,4
1,2
151,152,269,152,0,4
1,3
201,152,269,152,0,4
1,4
269,152,111,152,0,3
3,5
282,31,282,129,0,2
3,6
282,61,282,129,0,2
3,7
282,71,282,129,0,2
3,8
282,129,282,31,0,1
10,0
1
5
180,20
250,20
250,130
180,130
180,20
1
4
7,0
30,161,30,200,1,1
7,0
50,161,50,200,2,1
7,0
70,161,70,200,3,1
7,0
90,161,90,200,4,1
7,0
120,30,120,11,5,1
7,0
0,150,109,150,6,1
13,0
1
28,156
1
1
0
0
0
0
13,0
2
48,156
1
2
0
0
0
0
13,0
3
68,156
1
3
0
0
0
0
13,0
4
88,156
1
4
0
0
0
0
13,0
5
151,31
1
5
0
0
0
0
6,0
6
40,40
1
6
8
1
2
3
4
5
6
7
8
0
0
5,0
60,130,1
5,0
160,60,2
5,0
215,85,3
5,0
215,12,4
5,0
300,20,5
5,0
300,40,6
12,0
1,190
0,0
0,0,0,0

