20,0
175,50,1
0,0
320,50,280,50
0,0
280,30,200,30
0,0
200,30,200,70
0,0
200,70,160,70
0,0
180,70,180,90
0,0
180,90,250,90
0,0
250,90,250,175
0,0
250,175,210,175
0,0
210,175,210,115
0,0
210,115,110,115
0,0
110,115,110,155
0,0
80,155,80,90
0,0
80,90,90,90
0,0
90,90,90,50
0,0
160,70,160,30
0,0
90,50,160,50
4,1
0,11,0,189,1,2
4,2
0,189,0,11,1,1
3,3
72,90,72,145,1,2
2,4
91,51,149,51,1,4
4,5
81,91,81,145,1,2
3,6
102,115,102,145,1,2
1,7
110,107,200,107,1,4
4,8
181,71,181,80,1,2
7,0
211,140,249,140,1,1
13,0
1
206,138
1
1
0
0
0
0
5,0
190,100,1
12,0
225,160
0,0
0,0,0,0

