20,0
52,140,1
0,0
50,50,50,150
0,0
50,150,230,150
0,0
230,150,230,50
0,0
230,50,160,50
0,0
50,50,130,50
0,0
90,50,90,130
0,0
70,150,70,70
0,0
130,50,130,100
0,0
110,150,110,70
0,0
130,150,130,170
0,0
130,170,150,170
1,1
0,192,309,192,1,4
1,2
64,192,309,192,1,4
1,3
128,192,309,192,1,4
1,4
192,192,309,192,1,4
1,5
256,192,309,192,1,4
2,6
160,51,219,51,1,4
2,7
219,51,160,51,1,3
3,8
222,51,222,139,1,2
3,9
222,139,222,51,1,1
1,10
111,142,219,142,1,4
1,11
219,142,111,142,1,3
10,0
1
5
30,20
300,20
300,180
300,20
30,20
1
4
10,0
2
3
280,40
280,180
280,40
1
2
7,0
151,170,151,151,1,1
6,0
1
50,170
1
1
0
0
0
0
5,0
180,90,1
12,0
131,165
0,0
0,0,0,0

