20,0
1,112,4
0,0
0,110,100,110
0,0
100,110,100,90
0,0
0,120,20,120
0,0
40,120,140,120
0,0
140,120,140,130
0,0
120,120,120,100
0,0
10,140,20,140
0,0
40,140,60,140
0,0
70,140,90,140
0,0
110,140,160,140
0,0
180,200,180,120
0,0
180,120,250,120
0,0
250,120,250,150
0,0
250,150,200,150
0,0
265,70,265,90
0,0
265,70,265,30
0,0
50,30,245,30
0,0
50,11,50,20
0,0
320,180,280,180
2,1
0,11,39,11,1,4
2,2
51,11,309,11,1,4
3,3
312,11,312,169,1,2
1,4
0,192,169,192,1,4
2,5
181,121,239,121,1,4
1,6
200,142,239,142,1,4
7,0
285,181,285,200,1,1
7,0
300,181,300,200,2,1
13,0
1
283,176
1
1
0
0
0
0
13,0
2
298,176
1
2
0
0
0
0
5,0
63,125,1
5,0
240,125,2
12,0
312,190
0,0
0,0,0,0

