20,0
5,100,2
0,0
0,80,100,80
0,0
65,80,65,50
0,0
65,50,35,50
0,0
30,80,30,140
0,0
0,155,30,155
0,0
30,155,30,180
0,0
50,155,50,180
0,0
50,155,110,155
0,0
50,180,110,180
0,0
70,155,70,100
0,0
70,100,120,100
0,0
120,100,120,50
0,0
200,11,200,155
0,0
200,170,320,170
0,0
200,105,230,105
0,0
300,11,300,130
0,0
300,140,300,170
0,0
285,150,285,30
0,0
285,30,250,30
0,0
250,30,250,120
0,0
250,120,230,120
0,0
230,120,230,140
0,0
230,140,250,140
0,0
250,140,250,170
0,0
270,170,270,50
4,1
0,11,0,69,1,2
2,2
0,11,189,11,1,4
4,3
66,50,66,69,1,2
4,4
71,101,71,144,1,2
4,5
51,156,51,169,1,2
2,6
251,31,274,31,1,4
2,7
201,11,289,11,1,4
3,8
312,11,312,159,1,2
1,9
301,162,309,162,1,4
5,0
50,63,1
5,0
84,126,2
5,0
240,126,3
13,0
1
100,156
1
1
0
0
0
0
13,0
2
218,166
1
2
0
0
0
0
13,0
3
238,166
1
3
0
0
0
0
7,0
101,154,101,101,1,1
7,0
220,171,220,200,2,1
7,0
240,171,240,200,3,1
12,0
310,190
0,0
0,0,0,0

