20,0
45,167,4
0,0
0,30,120,30
0,0
120,30,120,100
0,0
0,45,80,45
0,0
0,90,20,90
0,0
40,160,60,160
0,0
40,160,40,190
0,0
280,160,280,180
0,0
40,180,60,180
0,0
40,190,280,190
0,0
240,50,300,50
0,0
240,100,300,100
2,1
0,11,309,11,1,4
4,2
0,46,0,79,1,2
4,3
0,91,0,189,1,2
1,4
46,182,270,182,1,4
3,5
312,11,312,189,1,2
10,0
1
5
130,60
230,60
230,155
130,155
130,60
1
4
6,0
1
10,37
2
1
2
0
0
0
0
5,0
175,110,1
7,0
250,51,250,99,1,1
7,0
290,51,290,99,2,1
12,0
265,75
0,0
0,0,0,0

