20,0
1,12,4
0,0
110,11,110,50
0,0
0,20,100,20
0,0
110,30,20,30
0,0
0,40,100,40
0,0
110,50,20,50
0,0
0,60,110,60
0,0
210,11,210,80
0,0
210,20,305,20
0,0
320,30,225,30
0,0
210,40,305,40
0,0
320,50,225,50
0,0
210,60,305,60
0,0
320,70,225,70
0,0
210,80,305,80
0,0
320,90,210,90
2,1
111,11,199,11,1,4
4,2
111,11,111,40,1,2
3,3
202,11,202,70,1,2
4,4
0,61,0,189,1,2
10,0
1
13
130,20
130,80
20,80
20,100
40,100
40,120
60,120
60,140
80,140
80,100
160,100
160,20
130,20
1
2
10,0
2
7
160,180
300,180
300,130
200,130
200,150
160,150
160,180
1
4
7,0
305,81,305,89,1,1
7,0
305,61,305,69,2,1
7,0
225,51,225,59,3,1
7,0
305,41,305,49,4,1
7,0
305,21,305,29,5,1
6,0
1
20,180
1
1
0
0
0
0
6,0
2
40,180
1
2
0
0
0
0
6,0
3
60,180
1
3
0
0
0
0
6,0
4
80,180
1
4
0
0
0
0
6,0
5
100,180
1
5
0
0
0
0
5,0
50,110,1
5,0
120,50,2
5,0
120,150,3
5,0
180,20,4
5,0
180,90,5
12,0
212,12
0,0
0,0,0,0

