20,0
5,190,4
0,0
200,200,200,180
0,0
220,200,220,180
0,0
220,160,220,11
0,0
200,160,200,140
0,0
200,140,50,140
0,0
50,140,50,25
0,0
50,25,200,25
0,0
200,25,200,120
0,0
200,120,70,120
0,0
70,120,70,45
0,0
70,45,180,45
0,0
180,45,180,100
0,0
180,100,90,100
0,0
90,100,90,60
0,0
90,60,165,60
0,0
165,60,165,85
0,0
165,85,105,85
0,0
0,185,30,185
4,1
0,11,0,174,1,2
4,2
0,174,0,11,1,1
3,3
42,25,42,130,1,2
3,4
42,130,42,25,1,1
4,5
221,11,221,150,1,2
2,6
221,11,309,11,1,4
3,7
212,11,212,150,1,2
3,8
312,11,312,189,1,2
1,9
221,192,309,192,1,4
10,0
1
3
268,25
268,175
268,25
1
2
5,0
245,40,1
5,0
285,160,2
5,0
20,80,3
7,0
138,84,138,61,1,1
7,0
128,84,128,61,2,1
7,0
118,84,118,61,3,1
13,0
1
136,86
1
1
0
0
0
0
13,0
2
126,86
1
2
0
0
0
0
13,0
3
116,86
1
3
0
0
0
0
12,0
160,80
0,0
0,0,0,0

