20,0
312,192,3
0,0
320,180,180,180
0,0
180,180,180,130
0,0
160,130,160,180
0,0
160,180,40,180
0,0
0,180,20,180
0,0
160,130,130,130
0,0
0,150,140,150
0,0
100,40,100,120
0,0
320,70,220,70
0,0
220,70,220,50
0,0
220,50,250,50
0,0
220,11,220,35
2,1
0,11,209,11,1,4
2,2
209,11,0,11,1,3
4,3
0,11,0,139,1,2
3,4
92,40,92,110,1,2
3,5
312,71,312,169,1,2
1,6
181,172,309,172,1,4
2,7
0,151,45,151,0,4
2,8
45,151,90,151,0,4
2,9
90,151,130,151,0,4
4,10
0,151,0,169,0,2
7,0
135,131,135,149,1,1
7,0
135,181,135,200,2,1
6,0
1
230,55
1
1
4
7
8
9
10
0
0
5,0
45,75,1
12,0
0,192
0,0
0,0,0,0
