20,0
1,190,1
0,0
0,170,20,170
0,0
20,200,20,180
2,1
0,11,309,11,1,4
2,2
309,11,0,11,1,3
4,3
0,11,0,159,1,2
4,4
0,159,0,11,1,1
1,5
21,192,309,192,1,4
1,6
309,192,21,192,1,3
3,7
312,11,312,189,1,2
3,8
312,189,312,11,1,1
6,0
1
160,100
2
13
14
0
0
0
0
5,0
10,30,1
7,0
50,30,50,170,1,1
7,0
50,170,280,170,2,1
7,0
280,170,280,30,3,1
7,0
280,30,70,30,4,1
7,0
70,30,70,150,5,1
7,0
70,150,260,150,6,1
7,0
260,150,260,50,7,1
7,0
260,50,90,50,8,1
7,0
90,50,90,130,9,1
7,0
90,130,240,130,10,1
7,0
240,130,240,70,11,1
7,0
240,70,110,70,12,1
7,0
239,120,230,120,13,1
7,0
230,120,230,129,14,1
12,0
233,123
0,0
0,0,0,0

